% data of Queen Marry's classroom IR
% (1) anti clock wise
% (2) first three points must form an angle less than 180 degree
wall = [1 2 8  7  0 0; ... 
        2 3 9  8  0 0; ... 
        3 4 10 9 0 0; ... 
        4 5 11 10 0 0; ... 
        5 6 12 11 0 0; ... 
        6 1 7 12 0 0; ...
        1 6 5 4 3 2; ...
        7 8 9 10 11 12];
    
vertex = [0  0   0; ...
          9  0   0; ...
          9  8   0; ...
          6  8   0; ...
          6  7.5 0; ...
          0  7.5 0; ...
          0  0   3.5; ...
          9  0   3.5; ...
          9  8   3.5; ...
          6  8   3.5; ...
          6  7.5 3.5; ...
          0  7.5 3.5; ...
          ];

% Source position
src = [2 3.5 2];

% Receiver position
rcv = [2 1.5 2];

